1  2 0 0
2  2 2 0
3  0 2 0
4  0 0 0
5  0.5 0.5 4
6  1.5 0.5 4
7  1.5 1.5 4
8  0.5 1.5 4
9  0.48 0.48 3.89
10 1.52 0.48 3.89
11 1.52 1.52 3.89
12 0.48 1.52 3.89
13 0.5 0.8 4
14 1.5 0.8 4
15 1.5 1.2 4
16 0.5 1.2 4
17 0.8 0.5 4
18 1.5 0.8 4
19 0.8 1.5 4
20 0.5 0.8 4
21 0.8 0.48 3.89
22 1.52 0.8 3.89
23 0.8 1.52 3.89
24 0.48 0.8 3.89
25 1.80 0 0
26 1.80 0.20 0
27 2 0.20 0
28 1.3 0.5 4
29 1.3 0.7 4
30 1.5 0.7 4
31 0.2 0 0 
32 0.2 0.2 0
33 0 0.2 0
34 0.7 0.5 4
35 0.7 0.7 4
36 0.5 0.7 4 
37 1.8 2 0
38 1.8 1.8 0
39 2 1.8 0
40 1.3 1.5 4
41 1.3 1.3 4
42 1.5 1.3 4
43 0 1.8 0
44 0.2 1.8 0
45 0.2 2 0
46 0.5 1.3 4
47 0.7 1.3 4
48 0.7 1.5 4
49 2 0.20 0.05
50 1.80 0.20 0.05
51 2 1.8 0.05
52 1.8 1.8 0.05
53 1.8 2 0.05
54 0.2 2 0.05
55 0.2 1.8 0.05
56 0 1.8 0.05
57 0 0.2 0.05
58 0.2 0.2 0.05
59 0.2 0 0.05
60 1.80 0 0.05
61 0.3 0.3 3
62 0.3 1.7 3
63 1.7 1.7 3
64 1.7 0.3 3
65 0.2 0.2 3
66 0.2 1.8 3
67 1.8 1.8 3
68 1.8 0.2 3
69 0.4 0.4 2.8
70 0.4 1.6 2.8
71 1.6 1.6 2.8
72 1.6 0.4 2.8
73 0.4 0.4 2.8
74 0.4 1.6 2.8
75 1.6 1.6 2.8
76 1.6 0.4 2.8
77 0.2 0.2 2
78 0.2 1.8 2
79 1.8 1.8 2
80 1.8 0.2 2
81 0 0 2
82 0 2 2
83 2 2 2
84 2 0 2
85 0.25 0.25 2
86 0.25 1.7 2
87 1.7 1.7 2
88 1.7 0.25 2
89 0.8 0.8 4
90 0.8 1.2 4
91 1.2 1.2 4
92 1.2 0.8 4
93 0.8 0.8 4.3
94 0.8 1.2 4.3
95 1.2 1.2 4.3
96 1.2 0.8 4.3
97 1 1 4.5
98 0.7 1 4.5
99 1 1.3 4.5
100 1.3 1 4.5
101 1 0.7 4.5
102 0.8 0.8 4.5
103 0.8 1.2 4.5
104 1.2 1.2 4.5
105 1.2 0.8 4.5
106 0.7 1 4.6
107 0.8 1.2 4.6
108 1 1.3 4.6
109 1.2 1.2 4.6
110 1.3 1 4.6
111 1.2 0.8 4.6
112 1 0.7 4.6
113 0.8 0.8 4.6
114 0.8 0.6 4.63
115 0.8 1.4 4.63
116 1.2 1.4 4.63
117 1.2 0.6 4.63
118 0.7 0.2 4.8
119 0.7 1.8 4.8
120 1.3 1.8 4.8
121 1.3 0.2 4.8
122 0.7 0.2 5
123 1.3 0.2 5
124 1.3 1.8 5
125 0.7 1.8 5
126 0.7 1.8 4.9
127 1 2.2 4.9
128 1.3 1.8 4.9
129 1 3 4.9
130 0.5 2.4 4.9
131 0.5 3.5 4.9
132 1.5 2.4 4.9
133 1.5 3.5 4.9
134 1 2.4 5.1
135 1 3.5 5.1
136 1 2.4 4.7
137 1 3.5 4.7
138 1 -0.1 4.9
139 1 -0.5 4.9
140 1.4 -0.5 4.9
141 0.6 -0.5 4.9
142 1 -0.5 5.3
143 1 -0.5 4.5
144 1.3 -0.5 4.6
145 0.7 -0.5 4.6
146 1.3 -0.5 5.2 
147 0.7 -0.5 5.2
148 1.4 -0.33 4.9
149 1.3 -0.33 4.6
150 1 -0.33 4.5
151 0.7 -0.33 4.6
152 0.6 -0.33 4.9
153 0.7 -0.33 5.2
154 1 -0.33 5.3
155 1.3 -0.33 5.2
156 3 -0.5 4.9 
157 2.3 -0.5 3.9
158 1 -0.5 2.9
159 -0.3 -0.5 3.9
160 -1 -0.5 4.9
161 -0.3 -0.5 5.9
162 1 -0.5 6.5
163 2.3 -0.5 5.9
164 1 -0.8 4.9
165 1 1 4.3
166 0.1 1.9 1
167 1.9 1.9 1
168 1.9 1.9 0.8 
169 0.1 1.9 0.8
170 0.1 2 1
171 1.9 2 1
172 1.9 2 0.8 
173 0.1 2 0.8
174 0.1 3 1
175 1.9 3 1
176 0.1 2.4 1
177 1.9 2.4 1
178 2 3 0
179 0 3 0
180 0.7 3.4 0
181 1.3 3.4 0
182 1.3 3 1.3
183 0.7 3 1.3
184 1.3 3.22 0.5
185 0.7 3.22 0.5
Faces:
5 6 7 8.
8 7 6 5.
5.13 14.6.
15.14 13.5.
8.16 15.7.
7.15 16.8.
5 9 10 6.
6 10 9 5.
6 10 11 7.
7 11 10 6.
7 11 12 8.
8 12 11 7.
8 12 9 5.
5 9 12 8.
6.18 22.10.
7.19 23.11.
8.20 24.12.
5.17 21.9.
28 25 1 6.
6 1 27 30.
30 27 26 29.
29 26 25 28.
1 27 26 25.
25 26 27 1.
7 2 37 40.
40 37 38 41.
41 38 39 42.
42 39 2 7.
2 37 38 39.
39 38 37 2.
6 30 29 28.
28 29 30 6.
7 40 41 42.
42 41 40 7.
46 43 44 47.
47 44 45 48.
48 45 3 8.
8 3 43 46.
46 47 48 8.
8 48 47 46.
43 44 45 3.
3 45 44 43.
5 4 31 34.
34 31 32 35.
35 32 33 36.
36 33 4 5.
5 34 35 36.
36 35 34 5.
4 31 32 33.
33 32 31 4.
49 51 39 27.
27 39 51 49.
50 52 38 26.
26 38 52 50.
52 55 44 38. 
38 44 55 52.
53 54 45 37.
37 45 54 53.
55 58 32 44.
44 32 58 55.
56 43 33 57.
57 33 43 56.
55 58 32 44.
44 32 58 55.
50 58 32 26.
26 32 58 50.
59 60 25 31.
31 25 60 59.
61 62.62 61.
61 64.64 61.
64 63.63 64.
63 62.62 63.
65 66.66 65.
65 68.68 65.
68 67.67 68.
67 66.66 67.
65 69.69 65.
66 70.70 66.
67 71.71 67.
68 72.72 68.
61 62 66 65.
65 66 62 61.
66 67 63 62.
62 63 67 66.
67 68 64 63.
63 64 68 67.
68 65 61 64.
64 61 65 68.
73 28.28 73.
76 34.34 76.
30 75.75 30.
76 42.42 76.
75 48.48 75.
74 40.40 74.
74 36.36 74.
73 46.46 73.
77 78.78 77.
78 79.79 78.
77 80.80 77.
80 79.79 80.
81 4.4 81. 
82 3.3 82.
84 1.1 84.
83 2.2 83.
81 82.82 81.
82 83.83 82.
84 83.83 84.
81 84.84 81.
81 82 78 77.
77 78 82 81.
82 83 79 78.
78 79 83 82.
81 84 80 77.
77 80 84 81.
81 82 78 77.
77 78 82 81.
83 84 80 79.
79 80 84 83.
85 74.74 85.
86 73.73 86.
85 76.76 85.
88 73.73 88.
87 76.76 87.
88 75.75 88.
87 74.74 87.
86 75.75 86.
1 87.87 1.
88 2.2 88.
87 3.3 87.
86 2.2 86.
86 4.4 86.
85 3.3 85.
85 1.1 85.
88 4.4 88.
89 93.93 89.
94 90.90 94.
95 91.91 95.
92 96.96 92.
97 93.93 97.
94 97.97 94.
95 97.97 95.
96 97.97 96.
102 98 103 99 104 100 105 101.
101 105 100 104 99 103 98 102.
106 107 108 109 110  111 112 113.
113 112 111 110 109 108 107 106.
106 98 102 113.113 102 98 106.
113 102 101 112.112 101 102 113.
112 101 105 111.111 105 101 112.
111 105 100 110.110 100 105 111.
110 100 104 109.109 104 100 110.
109 104 99 108.108 99 104 109.
108 99 103 107.107 103 99 108.
107 103 98 106.106 98 103 107.
114 115 116 117.117 116 115 114.
118 119 120 121.121 120 119 118.
118 119 115 114.114 115 119 118.
119 120 116 115.115 116 120 119.
120 121 117 116.116 117 121 120.
121 118 114 117.117 114 118 121.
122 123 124 125.125 124 123 122.
122 123 121 118.118 121 123 122.
119 120 124 125.125 124 120 119.
121 120 124 123.123 124 120 121.
122 125 119 118.118 119 125 122.
128 127.127 128.
126 127.127 126.
127 129 131 130.130 131 129 127.
127 129 133 132.132 133 129 127.
127 134 135 129.129 135 134 127.
127 136 137 129.129 137 136 127.
138 118.118 138.
138 121.121 138.
138 123.123 138.
138 122.122 138.
140 144 143 145 141 147 142 146.146 142 147 141 145 143 144 140.
148 149 150 151 152 153 154 155.155 154 153 152 151 150 149 148. 
140 144 149 148.148 149 144 140.
143 150 151 145.145 151 150 143.
144 143 150 149.149 150 143 144.
145 151 152 141.141 152 151 145.
141 152 153 147.147 153 152 141.
147 153 154 142.142 154 153 147.
142 154 155 146.146 155 154 142.
146 155 148 140.140 148 155 146.
156 148 144.144 148 156.
156 148 146.146 148 156.
162 154 146.146 154 162.
162 154 147.147 154 162.
160 152 147.147 152 160.
160 152 145.145 152 160.
158 150 145.145 150 158.
158 150 144.144 150 158.
163 146.146 163.
157 144.144 157.
159 145.145 159.
161 147.147 161.
163 146 148.148 146 163.
163 146 154.154 146 163.
157 144 148.148 144 157.
157 144 150.150 144 157.
159 145 150.150 145 159.
159 145 152.152 145 159.
161 147 154.154 147 161.
161 147 152.152 147 161.
140 144 164.164 144 140.
144 143 164.164 143 144.
143 145 164.164 145 143.
145 141 164.164 141 145.
141 147 164.164 147 141.
147 142 164.164 142 147.
142 146 164.164 146 142.
146 140 164.164 140 146.
165 97.97 165.
139 138.138 139.
166 167.167 166.
168 169.169 168.  
170 171.171 170.
172 173.173 172.
167 171 172 168.168 172 171 167.
166 170 173 169.169 173 170 166.
166 170 171 167.167 171 170 166.
170 173 172 171.171 172 173 170.
169 173 172 168.168 172 173 169.
166 169 168 167.167 168 169 166.
170 174 175 171.171 175 174 170.
176 177.177 176.
174 179.179 174.
175 178.178 175.
182 181.181 182.
183 180.180 183.
184 185.185 184.